temps de calcul : min_power Q6
routes1: 0.016449059679871425sec = 0.00027415099466452373min
routes2: 121549.42948191664sec = 2025.8238246986107min
routes3: 953649.85729504sec = 15894.164288250668min
routes4: 2352814.5956199877sec = 39213.57659366646min
routes5: 593100.9529501267sec = 9885.015882502112min
routes6: 1464342.4986788598sec = 24405.70831131433min
routes7: 3196720.383427242sec = 53278.67305712069min
routes8: 2198445.7168826233sec = 36640.76194804372min
routes9: 2051497.5329877064sec = 34191.625549795106min
routes10: 1799387.4487675675sec = 29989.79081279279min
