temps de calcul : min_power_tree Q14
routes1 : 0.0011881999962497503sec = 1.980333327082917e-05min
routes2 : 1.4033597000088776sec = 0.023389328333481292min
routes3 : 51.485523499999545sec = 0.8580920583333257min
routes4 : 49.9342644999997sec = 0.8322377416666616min
routes5 : 9.128117000000202sec = 0.1521352833333367min
routes6 : 54.98666239999875sec = 0.9164443733333125min
routes7 : 48.63002300000517sec = 0.8105003833334194min
routes8 : 38.46367490000557sec = 0.6410612483334261min
routes9 : 49.67886689999432sec = 0.8279811149999053min
routes10 : 69.5145729999931sec = 1.1585762166665519min
