temps de calcul : min_power_lca Q17
routes1 : 0.0021304000001691747sec = 3.5506666669486246e-05min
routes2 : 3.563247500000216sec = 0.05938745833333693min
routes3 : 33.25349830000005sec = 0.5542249716666674min
routes4 : 15.943475199999739sec = 0.2657245866666623min
routes5 : 1.869702899999993sec = 0.03116171499999988min
routes6 : 9.927731300000232sec = 0.1654621883333372min
routes7 : 9.07307929999979sec = 0.15121798833332983min
routes8 : 10.525318199999674sec = 0.17542196999999457min
routes9 : 11.906619500000033sec = 0.19844365833333388min
routes10 : 12.046693499999947sec = 0.20077822499999912min
